      0/99      3.6G       2.9      9.73         0      12.6        25       544         0         0   1.7e-05         0      2.58     0.314         0
      1/99     3.33G      2.37     0.258         0      2.63        28       416         0         0    0.0226         0      2.31     0.261         0
      2/99     3.34G      2.28     0.252         0      2.53        22       416         1   0.00962     0.101     0.019      1.97     0.225         0
      3/99     3.34G      1.91     0.229         0      2.14        29       416         1   0.00962     0.334     0.019      1.68     0.201         0
      4/99     3.55G      1.75      0.17         0      1.92        16       384         0         0     0.188         0      2.12     0.164         0
      5/99     3.55G      1.86     0.159         0      2.02        23       416         0         0     0.163         0      1.93     0.139         0
      6/99     3.55G      1.51     0.166         0      1.67        22       640     0.713    0.0246     0.539    0.0475      1.33     0.136         0
      7/99     3.55G      1.45      0.14         0      1.59        21       608         1    0.0331     0.695    0.0641      1.27     0.126         0
      8/99     3.55G      1.55     0.113         0      1.66        25       352         1     0.035     0.644    0.0677      1.33     0.114         0
      9/99     3.55G      1.19     0.103         0      1.29        26       352      0.25    0.0385     0.176    0.0667      1.84    0.0861         0
     10/99     3.55G      1.35    0.0869         0      1.44        24       640     0.665     0.248     0.381     0.361      1.53    0.0836         0
     11/99     3.55G      1.37     0.084         0      1.45        24       320         0         0    0.0195         0      2.41    0.0618         0
     12/99     3.55G       1.6    0.0901         0      1.69        23       608         1   0.00962     0.812     0.019       1.3    0.0975         0
     13/99     3.55G      1.16    0.0834         0      1.24        26       352         1   0.00962     0.694     0.019      1.34    0.0935         0
     14/99     3.55G       1.1     0.068         0      1.16        24       384         0         0     0.632         0      1.47    0.0842         0
     15/99     3.55G      1.19    0.0813         0      1.28        24       640         1   0.00962     0.684     0.019      1.37    0.0838         0
     16/99     3.55G      1.08    0.0852         0      1.17        21       352         1   0.00962     0.795     0.019       1.2    0.0873         0
     17/99     3.55G      1.18    0.0835         0      1.26        23       640         1    0.0457     0.817    0.0874      1.23    0.0825         0
     18/99     3.55G      1.17    0.0759         0      1.25        19       320     0.826     0.274     0.775     0.412      1.25    0.0757         0
     19/99     3.55G      1.16    0.0716         0      1.23        22       352     0.803     0.511     0.749     0.624      1.34    0.0698         0
     20/99     3.55G      1.31    0.0823         0      1.39        29       544     0.855     0.454      0.82     0.593      1.22     0.073         0
     21/99     3.55G      1.07    0.0648         0      1.13        19       320     0.879     0.278     0.784     0.423      1.18    0.0761         0
     22/99     3.55G      1.17    0.0867         0      1.26        22       576         1     0.115     0.884     0.206      1.17    0.0784         0
     23/99     3.55G      1.07    0.0832         0      1.16        26       640         1     0.115     0.893     0.206      1.16    0.0772         0
     24/99     3.55G      1.06    0.0694         0      1.13        24       512     0.883     0.361     0.771     0.513      1.14    0.0728         0
     25/99     3.55G      1.14     0.085         0      1.22        25       480      0.96      0.46     0.881     0.622      1.15    0.0705         0
     26/99     3.55G      1.12     0.076         0      1.19        25       576     0.936     0.559      0.89       0.7      1.18    0.0678         0
     27/99     3.55G     0.898    0.0542         0     0.952        21       320     0.936       0.7     0.932     0.801       1.1    0.0669         0
     28/99     3.55G      1.12    0.0757         0      1.19        23       544      0.88     0.779     0.885     0.826      1.17    0.0644         0
     29/99     3.55G      1.11    0.0757         0      1.19        23       480     0.964     0.784     0.934     0.865      1.14    0.0642         0
     30/99     3.55G      1.08    0.0772         0      1.16        17       448     0.989     0.872      0.97     0.927      1.15    0.0629         0
     31/99     3.55G     0.927    0.0592         0     0.987        21       320     0.966     0.813     0.936     0.883      1.25    0.0614         0
     32/99     3.55G      1.13    0.0686         0       1.2        20       416     0.893     0.563     0.844     0.691      1.37    0.0617         0
     33/99     3.55G      1.09    0.0881         0      1.18        21       640     0.935     0.413     0.891     0.573       1.2    0.0672         0
     34/99     3.55G      1.05    0.0735         0      1.12        19       608     0.985     0.637     0.943     0.774      1.11    0.0654         0
     35/99     3.55G      1.02    0.0647         0      1.08        24       544     0.954     0.805     0.957     0.874      1.21    0.0607         0
     36/99     3.55G      1.03    0.0688         0       1.1        29       576     0.989     0.835     0.955     0.905      1.16    0.0607         0
     37/99     3.55G     0.979    0.0636         0      1.04        17       320     0.875      0.76     0.753     0.813       1.3    0.0601         0
     38/99     3.55G      1.03    0.0727         0       1.1        23       320     0.978     0.838     0.931     0.902      1.17    0.0606         0
     39/99     3.55G      1.06    0.0754         0      1.13        28       352     0.967     0.833     0.912     0.895      1.17    0.0602         0
     40/99     3.55G     0.979    0.0617         0      1.04        21       512      0.93     0.772     0.871     0.844      1.18    0.0606         0
     41/99     3.55G     0.805    0.0504         0     0.856        25       320     0.955      0.81     0.928     0.876      1.17    0.0608         0
     42/99     3.55G      1.05     0.065         0      1.12        24       416     0.914     0.822      0.86     0.866      1.15    0.0612         0
     43/99     3.55G      1.05    0.0612         0      1.11        28       448     0.919     0.869     0.905     0.893      1.17    0.0594         0
     44/99     3.55G      1.04    0.0617         0       1.1        22       512     0.945      0.82     0.913     0.878      1.16    0.0591         0
     45/99     3.55G      1.06    0.0645         0      1.12        25       544     0.966     0.823     0.932     0.889      1.17    0.0581         0
     46/99     3.55G      1.05    0.0641         0      1.11        21       576     0.954     0.856     0.933     0.902      1.18    0.0576         0
     47/99     3.55G      1.05    0.0609         0      1.11        26       384     0.966     0.904     0.944     0.934      1.15    0.0569         0
     48/99     3.55G     0.759    0.0456         0     0.805        23       416      0.93     0.891     0.915      0.91      1.19    0.0548         0
     49/99     3.55G      1.03    0.0696         0       1.1        28       480     0.967     0.923     0.951     0.945      1.15    0.0549         0
     50/99     3.55G      0.94    0.0628         0         1        26       544     0.951     0.913     0.934     0.932      1.13    0.0556         0
     51/99     3.55G      1.04    0.0744         0      1.11        19       480     0.923     0.917     0.932      0.92      1.12    0.0554         0
     52/99     3.55G      1.02    0.0631         0      1.09        26       608     0.939     0.923     0.945     0.931      1.15    0.0546         0
     53/99     3.55G     0.949    0.0538         0         1        24       448     0.949     0.895     0.908     0.921      1.16    0.0545         0
     54/99     3.55G     0.878    0.0663         0     0.945        24       480     0.979     0.883     0.937     0.928      1.15     0.055         0
     55/99     3.55G     0.709    0.0476         0     0.756        30       384     0.959     0.908     0.942     0.933      1.14    0.0549         0
     56/99     3.55G     0.966    0.0628         0      1.03        31       512      0.98      0.93     0.965     0.954      1.12    0.0548         0
     57/99     3.55G     0.948    0.0633         0      1.01        24       544      0.97     0.923     0.955     0.946       1.1    0.0544         0
     58/99     3.55G     0.824    0.0494         0     0.874        23       576     0.955     0.923     0.952     0.939      1.13    0.0539         0
     59/99     3.55G     0.928    0.0637         0     0.991        29       448      0.97     0.936     0.974     0.953      1.13    0.0533         0
     60/99     3.55G      0.88    0.0594         0      0.94        23       544     0.991     0.942     0.992     0.966      1.12    0.0528         0
     61/99     3.55G     0.912    0.0592         0     0.972        26       544     0.969     0.933     0.942     0.951      1.12    0.0528         0
     62/99     3.55G     0.922    0.0556         0     0.977        23       448     0.939     0.913     0.901     0.926      1.16     0.053         0
     63/99     3.55G     0.977    0.0593         0      1.04        27       640     0.941     0.904     0.921     0.922      1.15    0.0525         0
     64/99     3.55G     0.945      0.06         0         1        19       352      0.96     0.929     0.952     0.944       1.1    0.0528         0
     65/99     3.55G     0.902    0.0526         0     0.955        25       512      0.99     0.927     0.972     0.957      1.11    0.0524         0
     66/99     3.55G      1.04    0.0567         0       1.1        23       576      0.99     0.942     0.981     0.965      1.12    0.0521         0
     67/99     3.55G      1.01    0.0618         0      1.07        25       640      0.99     0.941     0.969     0.965      1.08    0.0526         0
     68/99     3.55G     0.997    0.0637         0      1.06        21       416     0.971     0.951     0.975      0.96      1.07    0.0526         0
     69/99     3.55G     0.999    0.0617         0      1.06        21       416     0.923     0.952     0.966     0.937      1.08    0.0524         0
     70/99     3.55G     0.805    0.0532         0     0.858        25       576     0.915     0.904     0.875     0.909      1.14    0.0524         0
     71/99     3.55G     0.949    0.0627         0      1.01        27       544     0.977     0.962     0.982     0.969      1.13    0.0516         0
     72/99     3.55G     0.915    0.0592         0     0.974        25       320     0.928     0.904     0.878     0.916      1.12    0.0522         0
     73/99     3.55G     0.982    0.0557         0      1.04        32       416      0.98     0.942     0.977     0.961       1.1    0.0517         0
     74/99     3.55G     0.963    0.0623         0      1.03        22       384      0.96     0.933     0.941     0.947      1.13    0.0519         0
     75/99     3.55G     0.995    0.0598         0      1.06        23       608      0.96     0.924     0.928     0.942      1.13    0.0518         0
     76/99     3.55G     0.983    0.0693         0      1.05        25       576      0.97     0.922     0.928     0.945      1.11    0.0523         0
     77/99     3.55G         1     0.069         0      1.07        21       544      0.99     0.946     0.972     0.968      1.09    0.0521         0
     78/99     3.55G     0.971    0.0628         0      1.03        24       608     0.989     0.952     0.972      0.97       1.1     0.052         0
     79/99     3.55G     0.939    0.0584         0     0.997        21       480      0.99     0.946     0.972     0.968      1.08    0.0518         0
     80/99     3.55G     0.891    0.0612         0     0.952        24       608      0.99     0.941     0.972     0.965      1.08    0.0516         0
     81/99     3.55G     0.908     0.065         0     0.973        22       544      0.99     0.948     0.972     0.969       1.1    0.0518         0
     82/99     3.55G     0.649    0.0422         0     0.691        20       352     0.948     0.913     0.891     0.931      1.13    0.0521         0
     83/99     3.55G     0.837    0.0544         0     0.892        20       320      0.99     0.952     0.972      0.97      1.13    0.0513         0
     84/99     3.55G     0.988    0.0582         0      1.05        24       640     0.949     0.903      0.89     0.926      1.19    0.0517         0
     85/99     3.55G     0.974    0.0656         0      1.04        22       576     0.959     0.911     0.909     0.935      1.13    0.0518         0
     86/99     3.55G     0.918    0.0571         0     0.975        22       640      0.99      0.94     0.978     0.964       1.1    0.0517         0
     87/99     3.55G      0.94    0.0616         0         1        16       416      0.98     0.926     0.959     0.952      1.08    0.0521         0
     88/99     3.55G     0.958     0.066         0      1.02        22       544      0.99     0.936     0.979     0.962      1.09    0.0521         0
     89/99     3.55G     0.865     0.061         0     0.926        21       320      0.99     0.935     0.967     0.962      1.09    0.0522         0
     90/99     3.55G     0.894    0.0579         0     0.952        20       576      0.99     0.936     0.979     0.962      1.08     0.052         0
     91/99     3.55G     0.928    0.0621         0      0.99        20       544      0.99     0.937     0.979     0.963       1.1    0.0519         0
     92/99     3.55G     0.944    0.0663         0      1.01        27       512      0.98     0.929     0.959     0.954      1.12    0.0518         0
     93/99     3.55G     0.885    0.0513         0     0.936        22       416      0.98     0.929     0.947     0.954      1.12    0.0519         0
     94/99     3.55G     0.817     0.051         0     0.868        29       544      0.98     0.927     0.953     0.953       1.1    0.0518         0
     95/99     3.55G     0.962     0.065         0      1.03        25       352      0.98     0.927     0.953     0.953      1.09    0.0519         0
     96/99     3.55G     0.837    0.0564         0     0.893        21       320      0.98      0.93     0.952     0.954      1.11    0.0518         0
     97/99     3.55G      0.94     0.061         0         1        31       320      0.98     0.932     0.959     0.955      1.12    0.0518         0
     98/99     3.55G      0.75    0.0447         0     0.794        27       320      0.98     0.928     0.953     0.953      1.12    0.0516         0
     99/99     3.55G     0.948     0.066         0      1.01        22       480      0.97     0.921     0.937     0.945      1.12    0.0518         0
