      0/99    0.543G       2.2      2.46         0      4.67        19       640         1   0.00165    0.0942   0.00329      1.62     0.173         0
      1/99     4.42G      1.28     0.154         0      1.43        16       640         1   0.00165     0.744   0.00329      1.21     0.126         0
      2/99     4.42G      1.02     0.122         0      1.14         9       640         1   0.00165     0.867   0.00329     0.902     0.114         0
      3/99     4.42G     0.899     0.102         0         1        11       640         1   0.00165     0.882   0.00329     0.826    0.0961         0
      4/99     4.42G     0.846    0.0896         0     0.936        16       640         1   0.00165     0.905   0.00329     0.798    0.0887         0
      5/99     4.42G     0.777    0.0881         0     0.866        19       640         1   0.00262     0.938   0.00522     0.835    0.0736         0
      6/99     4.42G     0.775    0.0729         0     0.848        14       640         1    0.0721     0.957     0.134     0.862    0.0661         0
      7/99     4.42G     0.741    0.0696         0      0.81        12       640         1    0.0681     0.963     0.127     0.703     0.069         0
      8/99     4.42G     0.696    0.0623         0     0.758        16       640     0.993      0.45     0.965      0.62     0.832    0.0567         0
      9/99     4.42G     0.693    0.0566         0     0.749        12       640     0.994     0.542     0.983     0.701     0.737    0.0564         0
     10/99     4.42G     0.698    0.0499         0     0.748        16       640     0.994     0.536     0.985     0.696     0.709    0.0556         0
     11/99     4.42G     0.662    0.0475         0      0.71        19       640      0.98     0.736     0.971     0.841     0.666     0.052         0
     12/99     4.42G     0.678    0.0467         0     0.724        13       640     0.993     0.685      0.99      0.81      0.66    0.0528         0
     13/99     4.42G     0.649    0.0433         0     0.692        17       640     0.989     0.889     0.977     0.937     0.668    0.0479         0
     14/99     4.42G     0.653    0.0388         0     0.691        20       640     0.993     0.913     0.991     0.951     0.661    0.0448         0
     15/99     4.42G     0.657    0.0375         0     0.694        15       640     0.988     0.933     0.978     0.959     0.632    0.0435         0
     16/99     4.42G     0.642    0.0368         0     0.679        17       640     0.993     0.929     0.991      0.96      0.68    0.0436         0
     17/99     4.42G      0.63    0.0329         0     0.663        17       640     0.988     0.952     0.979     0.969      0.66    0.0432         0
     18/99     4.42G     0.621    0.0353         0     0.656        22       640     0.993     0.968     0.991     0.981      0.68    0.0402         0
     19/99     4.42G     0.638    0.0347         0     0.673         5       640     0.988      0.94     0.979     0.963      0.65    0.0405         0
     20/99     4.42G     0.633    0.0322         0     0.665        14       640      0.99     0.976      0.99     0.983     0.656    0.0407         0
     21/99     4.42G     0.623    0.0324         0     0.656        14       640     0.985     0.962     0.978     0.973     0.639    0.0413         0
     22/99     4.42G     0.632    0.0333         0     0.666        14       640     0.988      0.95      0.98     0.968     0.632    0.0406         0
     23/99     4.42G     0.604    0.0301         0     0.634        11       640     0.993     0.979     0.991     0.986     0.625    0.0395         0
     24/99     4.42G     0.606    0.0299         0     0.636        15       640     0.992     0.986     0.991     0.989     0.632    0.0392         0
     25/99     4.42G     0.626    0.0295         0     0.656         9       640     0.993     0.983     0.991     0.988     0.629    0.0389         0
     26/99     4.42G      0.59    0.0262         0     0.616        10       640      0.99     0.979     0.991     0.984     0.639    0.0382         0
     27/99     4.42G     0.594    0.0297         0     0.623        17       640     0.988     0.977      0.98     0.983     0.621    0.0388         0
     28/99     4.42G     0.594    0.0291         0     0.623        21       640      0.99     0.977     0.991     0.984     0.619     0.038         0
     29/99     4.42G     0.584    0.0289         0     0.613        12       640     0.988     0.983     0.981     0.986     0.624    0.0384         0
     30/99     4.42G     0.598    0.0282         0     0.626        15       640      0.99     0.979     0.991     0.984     0.626    0.0389         0
     31/99     4.42G     0.595    0.0268         0     0.622        14       640      0.98     0.966     0.976     0.973     0.614    0.0379         0
     32/99     4.42G     0.594     0.028         0     0.622        11       640     0.988     0.978     0.981     0.983     0.622     0.038         0
     33/99     4.42G     0.598    0.0283         0     0.627         9       640     0.983     0.975     0.979     0.979     0.621    0.0374         0
     34/99     4.42G     0.587    0.0281         0     0.615        15       640     0.993     0.986     0.992      0.99     0.625    0.0371         0
     35/99     4.42G     0.578     0.027         0     0.605        13       640     0.987     0.981     0.977     0.984     0.629    0.0375         0
     36/99     4.42G      0.58    0.0272         0     0.608        16       640      0.99     0.984     0.991     0.987     0.607    0.0383         0
     37/99     4.42G      0.59    0.0274         0     0.618        11       640     0.987     0.977     0.978     0.982      0.62    0.0377         0
     38/99     4.42G     0.587     0.027         0     0.614        15       640     0.988     0.982     0.981     0.985     0.625    0.0376         0
     39/99     4.42G     0.575    0.0259         0     0.601        14       640     0.988     0.983     0.981     0.986     0.613    0.0375         0
     40/99     4.42G     0.579    0.0278         0     0.607        14       640     0.982     0.977     0.976     0.979     0.622    0.0367         0
     41/99     4.42G      0.57    0.0266         0     0.597        15       640     0.988     0.982     0.979     0.985     0.614    0.0367         0
     42/99     4.42G     0.579    0.0274         0     0.607        13       640     0.987     0.982      0.98     0.985     0.616    0.0367         0
     43/99     4.42G     0.579    0.0268         0     0.605        19       640     0.992     0.984     0.991     0.988     0.617     0.037         0
     44/99     4.42G     0.569    0.0259         0     0.594        15       640      0.99     0.982     0.991     0.986     0.606    0.0368         0
     45/99     4.42G     0.576    0.0276         0     0.603        13       640     0.983     0.972     0.976     0.977     0.616    0.0367         0
     46/99     4.42G      0.57    0.0275         0     0.598        16       640      0.99     0.986      0.99     0.988     0.601     0.037         0
     47/99     4.42G     0.573    0.0261         0     0.599        16       640     0.988     0.983     0.979     0.986     0.615    0.0365         0
     48/99     4.42G      0.56    0.0253         0     0.585        15       640     0.992     0.986     0.991     0.989     0.615    0.0364         0
     49/99     4.42G     0.556    0.0269         0     0.583        17       640     0.988     0.982      0.98     0.985     0.609    0.0368         0
     50/99     4.42G     0.568     0.027         0     0.595        11       640     0.987      0.98     0.979     0.984     0.606    0.0364         0
     51/99     4.42G     0.561    0.0249         0     0.586        15       640      0.99     0.986     0.991     0.988     0.615    0.0361         0
     52/99     4.42G     0.578    0.0271         0     0.605        17       640      0.99     0.987     0.991     0.989     0.617     0.036         0
     53/99     4.42G     0.557    0.0259         0     0.583        13       640      0.99     0.988     0.991     0.989     0.602    0.0369         0
     54/99     4.42G      0.58    0.0263         0     0.606        11       640     0.992     0.989     0.991      0.99     0.606    0.0364         0
     55/99     4.42G     0.571    0.0258         0     0.597        20       640     0.987     0.985     0.978     0.986      0.61    0.0365         0
     56/99     4.42G     0.555    0.0256         0     0.581        12       640      0.99     0.984     0.991     0.987     0.603    0.0367         0
     57/99     4.42G      0.55    0.0261         0     0.576        16       640     0.985     0.982     0.979     0.984     0.619    0.0365         0
     58/99     4.42G     0.574    0.0253         0       0.6         9       640     0.992     0.988     0.992      0.99     0.609    0.0367         0
     59/99     4.42G     0.567    0.0258         0     0.593        12       640     0.988     0.983      0.99     0.986     0.598    0.0359         0
     60/99     4.42G     0.557    0.0268         0     0.584        20       640     0.987     0.981      0.98     0.984     0.602    0.0365         0
     61/99     4.42G     0.563    0.0266         0      0.59        13       640     0.992      0.99     0.991     0.991     0.609    0.0362         0
     62/99     4.42G     0.566    0.0266         0     0.593        14       640     0.992     0.988     0.991      0.99     0.607    0.0367         0
     63/99     4.42G     0.552    0.0252         0     0.577        15       640     0.988     0.986     0.981     0.987     0.613    0.0373         0
     64/99     4.42G     0.532    0.0238         0     0.556        13       640     0.988     0.985      0.98     0.987     0.602    0.0364         0
     65/99     4.42G     0.552    0.0262         0     0.578        12       640     0.988     0.983      0.98     0.986       0.6    0.0368         0
     66/99     4.42G     0.545    0.0246         0     0.569        14       640      0.99     0.986     0.991     0.988     0.596    0.0366         0
     67/99     4.42G     0.543    0.0259         0     0.569        13       640     0.992     0.987     0.991     0.989     0.606    0.0363         0
     68/99     4.42G     0.555    0.0258         0     0.581        14       640     0.988     0.984      0.98     0.986     0.604    0.0362         0
     69/99     4.42G     0.551    0.0253         0     0.576        16       640      0.99     0.984     0.991     0.987      0.61    0.0363         0
     70/99     4.42G     0.553     0.025         0     0.578        14       640      0.99     0.987     0.991     0.988     0.615    0.0363         0
     71/99     4.42G     0.546    0.0249         0     0.571        19       640      0.99     0.984     0.991     0.987     0.602     0.037         0
     72/99     4.42G     0.557    0.0257         0     0.583        14       640      0.99     0.987     0.991     0.989       0.6    0.0364         0
     73/99     4.42G      0.57    0.0268         0     0.597        14       640     0.988     0.984      0.98     0.986     0.599    0.0365         0
     74/99     4.42G     0.559    0.0247         0     0.584        12       640     0.992     0.985     0.991     0.988     0.597    0.0364         0
     75/99     4.42G     0.549    0.0248         0     0.573        12       640      0.99     0.985     0.991     0.987     0.601    0.0361         0
     76/99     4.42G     0.548    0.0255         0     0.574        15       640      0.99     0.985     0.991     0.987     0.604    0.0364         0
     77/99     4.42G     0.542    0.0248         0     0.567        15       640      0.99     0.987     0.991     0.989     0.604    0.0365         0
     78/99     4.42G     0.542    0.0245         0     0.567        11       640      0.99     0.987     0.991     0.989     0.599     0.036         0
     79/99     4.42G     0.555    0.0252         0      0.58        16       640     0.992     0.989     0.991      0.99     0.603    0.0364         0
     80/99     4.42G     0.549    0.0257         0     0.575        12       640      0.99     0.987     0.991     0.989     0.601    0.0366         0
     81/99     4.42G     0.557    0.0259         0     0.582         9       640      0.99     0.987     0.991     0.988     0.602    0.0361         0
     82/99     4.42G     0.547    0.0251         0     0.572        15       640      0.99     0.987     0.991     0.989     0.599    0.0362         0
     83/99     4.42G     0.554    0.0254         0      0.58        13       640      0.99     0.987     0.991     0.988     0.597    0.0366         0
     84/99     4.42G     0.569    0.0268         0     0.596        15       640     0.988     0.984     0.988     0.986     0.596    0.0366         0
     85/99     4.42G     0.532    0.0255         0     0.558        12       640      0.99     0.987     0.991     0.988     0.597    0.0363         0
     86/99     4.42G     0.542    0.0254         0     0.567         8       640     0.992     0.989     0.991      0.99     0.599     0.036         0
     87/99     4.42G     0.548    0.0248         0     0.572        12       640     0.992     0.989     0.991      0.99       0.6    0.0359         0
     88/99     4.42G     0.546    0.0249         0      0.57        15       640      0.99     0.987     0.991     0.989     0.603    0.0362         0
     89/99     4.42G     0.544    0.0247         0     0.569        14       640      0.99     0.987     0.991     0.989     0.595     0.036         0
     90/99     4.42G     0.543    0.0238         0     0.567         8       640     0.992     0.989     0.991      0.99     0.597    0.0362         0
     91/99     4.42G     0.552    0.0257         0     0.577        12       640     0.992     0.989     0.991      0.99     0.599    0.0362         0
     92/99     4.42G     0.548    0.0256         0     0.573        15       640     0.992     0.987     0.991     0.989     0.603    0.0364         0
     93/99     4.42G      0.54    0.0251         0     0.565        17       640      0.99     0.985     0.991     0.987     0.601    0.0364         0
     94/99     4.42G     0.547    0.0257         0     0.573        17       640      0.99     0.986     0.991     0.988     0.595    0.0361         0
     95/99     4.42G     0.542    0.0244         0     0.567        16       640     0.992     0.986     0.991     0.989     0.598    0.0363         0
     96/99     4.42G     0.529    0.0264         0     0.555        21       640     0.992     0.987     0.991     0.989     0.602    0.0363         0
     97/99     4.42G     0.538    0.0248         0     0.563        19       640     0.992     0.988     0.991      0.99     0.599    0.0362         0
     98/99     4.42G     0.554     0.025         0     0.579        12       640     0.992     0.988     0.991      0.99       0.6    0.0364         0
     99/99     4.42G     0.556    0.0254         0     0.581        15       640     0.992     0.989     0.991      0.99     0.597    0.0363         0
