      0/99      3.6G      2.65      7.89         0      10.5        27       576         0         0  0.000223         0      2.55     0.258         0
      1/99     2.55G      2.43     0.249         0      2.68        21       352         1   0.00855    0.0199    0.0169      2.29     0.212         0
      2/99     2.55G      2.23     0.231         0      2.46        16       608         0         0    0.0379         0      2.05     0.201         0
      3/99     2.97G      1.86     0.172         0      2.03        23       384         1   0.00855     0.265    0.0169       1.8      0.19         0
      4/99     2.97G      1.73     0.167         0      1.89        20       512         1   0.00855     0.399    0.0169       1.6     0.164         0
      5/99     2.97G       1.8     0.166         0      1.96        23       480         1   0.00855     0.505    0.0169      1.46     0.145         0
      6/99     2.97G      1.47      0.14         0      1.61        26       448         0         0     0.414         0       1.6     0.131         0
      7/99     2.97G      1.27     0.109         0      1.37        25       352         1   0.00855     0.509    0.0169      1.48     0.118         0
      8/99     2.97G      1.38    0.0898         0      1.47        17       608         1   0.00855      0.68    0.0169      1.29     0.103         0
      9/99     2.97G      1.26     0.076         0      1.33        25       416         1   0.00855     0.629    0.0169      1.34    0.0954         0
     10/99     2.97G      1.38    0.0863         0      1.47        17       480         1   0.00855     0.437    0.0169      1.49    0.0861         0
     11/99     2.97G      1.24    0.0642         0       1.3        21       384         0         0     0.609         0      1.35    0.0904         0
     12/99     2.97G      1.09    0.0683         0      1.16        17       576         1   0.00855      0.62    0.0169      1.37    0.0854         0
     13/99     2.97G      1.34    0.0747         0      1.41        16       416         1   0.00855     0.687    0.0169      1.26    0.0828         0
     14/99     2.97G      1.35    0.0783         0      1.43        24       384         0         0     0.513         0      1.47    0.0777         0
     15/99     2.97G      1.05     0.065         0      1.12        22       352         1   0.00855     0.645    0.0169      1.26    0.0843         0
     16/99     2.97G      1.25    0.0834         0      1.34        16       384         1    0.0259      0.67    0.0504      1.28    0.0751         0
     17/99     2.97G      1.22    0.0616         0      1.28        24       384         1    0.0121     0.696    0.0238      1.31    0.0787         0
     18/99     2.97G      1.16    0.0799         0      1.24        25       544         1    0.0147     0.727    0.0289      1.22    0.0747         0
     19/99     2.97G       1.1    0.0687         0      1.17        18       512     0.797     0.094     0.788     0.168      1.12     0.073         0
     20/99     2.97G      1.23    0.0853         0      1.32        25       640     0.876     0.182      0.83     0.301      1.09    0.0709         0
     21/99     2.97G      1.07    0.0631         0      1.13        19       352     0.867     0.168     0.766     0.281      1.14    0.0684         0
     22/99     2.97G       1.1    0.0667         0      1.17        20       416     0.668    0.0689     0.632     0.125      1.33     0.065         0
     23/99     2.97G      1.22    0.0728         0       1.3        15       480     0.921       0.3     0.814     0.453      1.14    0.0645         0
     24/99     2.97G       1.2    0.0746         0      1.27        23       512     0.891     0.279     0.831     0.424      1.05    0.0668         0
     25/99     2.97G     0.998    0.0626         0      1.06        18       480     0.873     0.179     0.776     0.298      1.19    0.0658         0
     26/99     2.97G       1.1    0.0702         0      1.17        26       512     0.836     0.306     0.846     0.448      1.08    0.0651         0
     27/99     2.97G      1.05    0.0676         0      1.11        24       608     0.799     0.339      0.82     0.476      1.05    0.0638         0
     28/99     2.97G      0.95     0.063         0      1.01        17       448     0.872     0.408     0.896     0.556     0.994    0.0632         0
     29/99     2.97G      1.13    0.0754         0       1.2        20       608     0.882     0.382     0.875     0.533      1.01    0.0635         0
     30/99     2.97G     0.984    0.0595         0      1.04        22       544       0.9     0.402     0.862     0.556      1.13    0.0614         0
     31/99     2.97G     0.929    0.0581         0     0.987        16       352     0.949     0.482     0.928     0.639      1.03    0.0611         0
     32/99     2.97G     0.976    0.0593         0      1.04        19       320     0.869     0.509     0.858     0.642      1.04    0.0605         0
     33/99     2.97G     0.919    0.0572         0     0.976        20       608     0.958     0.197     0.868     0.326      1.17    0.0647         0
     34/99     2.97G      1.05    0.0637         0      1.11        23       416      0.97     0.308     0.903     0.467      1.06    0.0637         0
     35/99     2.97G      1.07    0.0593         0      1.13        27       512     0.915     0.366     0.873     0.523      1.12    0.0612         0
     36/99     2.97G     0.919    0.0549         0     0.974        19       448     0.926     0.321     0.895     0.477      1.12    0.0623         0
     37/99     2.97G      1.12    0.0615         0      1.18        19       480     0.886     0.596     0.864     0.712     0.991    0.0578         0
     38/99     2.97G     0.877    0.0455         0     0.923        22       320      0.88     0.313     0.844     0.462      1.19    0.0617         0
     39/99     2.97G      1.09    0.0662         0      1.16        21       480     0.939     0.396     0.933     0.557      1.02    0.0636         0
     40/99     2.97G      1.03    0.0564         0      1.08        19       544     0.951     0.661     0.936      0.78      1.01    0.0577         0
     41/99     2.97G      1.08     0.055         0      1.13        17       416     0.893     0.712     0.847     0.792      1.05    0.0551         0
     42/99     2.97G     0.994    0.0556         0      1.05        16       384     0.867     0.556     0.845     0.678      1.07    0.0578         0
     43/99     2.97G      1.01    0.0614         0      1.07        23       480     0.943     0.567     0.922     0.708     0.999    0.0587         0
     44/99     2.97G     0.895    0.0529         0     0.948        12       608     0.924     0.427     0.916     0.584      1.01    0.0624         0
     45/99     2.97G      1.05    0.0657         0      1.11        19       448     0.907     0.462     0.864     0.612      1.11    0.0602         0
     46/99     2.97G      1.02    0.0534         0      1.07        17       384     0.908     0.308     0.837      0.46      1.14    0.0635         0
     47/99     2.97G     0.985    0.0596         0      1.04        22       448     0.953     0.515     0.922     0.669      1.04    0.0596         0
     48/99     2.97G     0.981    0.0571         0      1.04        17       480     0.929     0.676     0.896     0.782      1.08    0.0551         0
     49/99     2.97G     0.935    0.0518         0     0.987        19       512      0.94     0.674     0.898     0.785      1.05    0.0563         0
     50/99     2.97G     0.907    0.0511         0     0.958        26       384     0.977     0.734      0.96     0.839     0.945    0.0561         0
     51/99     2.97G     0.981    0.0597         0      1.04        25       352     0.948     0.627     0.925     0.755     0.984    0.0578         0
     52/99     2.97G     0.798    0.0502         0     0.849        21       352         1   0.00855     0.811    0.0169      1.22    0.0763         0
     53/99     2.97G      1.05    0.0661         0      1.12        18       544     0.833    0.0769     0.779     0.141      1.25    0.0692         0
     54/99     2.97G      1.08    0.0607         0      1.15        23       480     0.894     0.289     0.868     0.437      1.09    0.0653         0
     55/99     2.97G         1    0.0568         0      1.06        17       416     0.929     0.557      0.89     0.697      1.06    0.0585         0
     56/99     2.97G     0.822    0.0493         0     0.871        20       640     0.921     0.702     0.894     0.797      1.02    0.0556         0
     57/99     2.97G      1.03    0.0527         0      1.09        18       416     0.937     0.764     0.909     0.842      0.97    0.0537         0
     58/99     2.97G     0.889    0.0475         0     0.936        20       352     0.937     0.759     0.902     0.839     0.981    0.0539         0
     59/99     2.97G      1.01    0.0577         0      1.07        15       384     0.958     0.775     0.928     0.857     0.964    0.0544         0
     60/99     2.97G      1.03    0.0567         0      1.09        26       640     0.969     0.806     0.942      0.88      0.94    0.0535         0
     61/99     2.97G      1.04    0.0559         0      1.09        18       480     0.951     0.827     0.921     0.885     0.944     0.052         0
     62/99     2.97G      1.04    0.0612         0       1.1        19       576     0.961      0.84     0.946     0.896     0.961    0.0522         0
     63/99     2.97G      0.91    0.0556         0     0.966        23       480     0.945     0.728     0.908     0.822      1.05    0.0534         0
     64/99     2.97G       0.9    0.0528         0     0.953        19       512     0.956     0.737     0.922     0.832         1    0.0541         0
     65/99     2.97G     0.967    0.0515         0      1.02        16       576     0.942     0.693     0.905     0.798     0.987    0.0552         0
     66/99     2.97G     0.819    0.0453         0     0.864        23       448     0.915     0.643     0.857     0.756      1.11    0.0546         0
     67/99     2.97G     0.969    0.0541         0      1.02        17       640     0.946     0.709     0.907     0.811       1.1    0.0537         0
     68/99     2.97G     0.983    0.0567         0      1.04        18       320     0.951     0.826     0.907     0.884      1.01    0.0512         0
     69/99     2.97G     0.843    0.0486         0     0.891        12       352      0.96     0.814     0.936     0.881     0.959    0.0517         0
     70/99     2.97G     0.973    0.0587         0      1.03        30       512     0.938     0.781       0.9     0.853      1.04    0.0517         0
     71/99     2.97G     0.914    0.0518         0     0.966        15       320     0.949     0.801      0.91     0.869     0.967    0.0515         0
     72/99     2.97G      0.92    0.0526         0     0.972        15       448     0.949     0.796     0.909     0.866     0.955    0.0521         0
     73/99     2.97G     0.929    0.0565         0     0.985        28       512     0.947     0.757     0.909     0.841     0.972    0.0528         0
     74/99     2.97G     0.935    0.0522         0     0.987        18       384     0.936     0.746     0.902      0.83         1    0.0525         0
     75/99     2.97G     0.791    0.0475         0     0.839        30       544     0.934     0.723     0.903     0.815     0.986    0.0538         0
     76/99     2.97G     0.925    0.0501         0     0.975        29       384     0.932     0.815     0.889     0.869      1.01    0.0513         0
     77/99     2.97G     0.947    0.0535         0         1        17       512     0.961     0.841     0.929     0.897     0.936    0.0515         0
     78/99     2.97G     0.794    0.0413         0     0.836        15       320     0.935     0.734     0.897     0.822     0.999    0.0526         0
     79/99     2.97G     0.936    0.0562         0     0.992        18       480     0.946     0.749     0.911     0.836      0.96    0.0526         0
     80/99     2.97G      1.01    0.0562         0      1.06        21       544     0.936     0.747       0.9     0.831      1.02    0.0523         0
     81/99     2.97G     0.898    0.0551         0     0.953        24       640     0.935     0.744     0.903     0.829     0.969    0.0523         0
     82/99     2.97G      1.02    0.0546         0      1.07        19       448     0.941     0.814     0.903     0.873     0.959    0.0511         0
     83/99     2.97G     0.954    0.0557         0      1.01        18       576     0.938     0.771     0.903     0.846      1.02     0.052         0
     84/99     2.97G     0.872    0.0535         0     0.926        20       544     0.939     0.789     0.903     0.858         1     0.052         0
     85/99     2.97G     0.801     0.046         0     0.847        24       544     0.924     0.724      0.89     0.812      1.06    0.0522         0
     86/99     2.97G     0.887    0.0559         0     0.943        18       608     0.961     0.841      0.93     0.897     0.971    0.0505         0
     87/99     2.97G     0.964    0.0513         0      1.02        15       576     0.942     0.826     0.899      0.88     0.982    0.0504         0
     88/99     2.97G     0.946    0.0512         0     0.997        19       608      0.94     0.808     0.897     0.869     0.959    0.0513         0
     89/99     2.97G     0.862    0.0482         0     0.911        22       352     0.938     0.771     0.902     0.846      0.99    0.0524         0
     90/99     2.97G     0.906    0.0518         0     0.958        22       640     0.936     0.752     0.902     0.834         1    0.0525         0
     91/99     2.97G     0.801    0.0515         0     0.853        27       352     0.936     0.755     0.899     0.836     0.973    0.0526         0
     92/99     2.97G     0.869    0.0482         0     0.917        27       480     0.911     0.684     0.877     0.781      1.05    0.0532         0
     93/99     2.97G     0.817    0.0446         0     0.861        17       608     0.896     0.665     0.852     0.764      1.08    0.0531         0
     94/99     2.97G      0.92     0.051         0     0.971        18       640     0.911     0.697     0.881      0.79      1.06    0.0527         0
     95/99     2.97G     0.773    0.0476         0     0.821        20       608     0.941     0.678     0.905     0.788      1.02     0.054         0
     96/99     2.97G     0.943    0.0481         0     0.991        22       480     0.942     0.726     0.902      0.82         1    0.0534         0
     97/99     2.97G     0.841    0.0471         0     0.888        16       480     0.898     0.641      0.85     0.748      1.09    0.0533         0
     98/99     2.97G      1.01    0.0589         0      1.07        20       480     0.937     0.758     0.903     0.838         1    0.0521         0
     99/99     2.97G     0.923    0.0512         0     0.974        15       608     0.944     0.723       0.9     0.819     0.989    0.0535         0
