      0/99     5.86G      2.97      11.6         0      14.6        15       320         1    0.0167     0.265    0.0328      2.29     0.297         0
      1/99     5.99G      2.33     0.349         0      2.68        18       544         1    0.0167     0.658    0.0328      1.92     0.185         0
      2/99     5.99G      2.38     0.254         0      2.63        16       352         1    0.0167     0.604    0.0328       2.3     0.126         0
      3/99     5.99G      2.43     0.199         0      2.63        13       352         1    0.0167     0.577    0.0328      2.07     0.122         0
      4/99     5.99G      2.52     0.176         0       2.7         7       416         0         0     0.326         0      2.27     0.122         0
      5/99     5.99G      2.01     0.151         0      2.16        12       608     0.882      0.25      0.38      0.39      2.88     0.927         0
      6/99     5.99G      2.63     0.133         0      2.77        11       352  1.89e-05    0.0667  1.94e-06  3.79e-05      5.72       241         0
      7/99     5.99G      2.29     0.139         0      2.43         8       352         0         0         0         0      5.57  8.93e+03         0
      8/99     5.99G      2.78     0.124         0      2.91        20       448         0         0    0.0297         0      2.44     0.079         0
      9/99     5.99G      2.49     0.123         0      2.62        12       608  0.000105       0.2  0.000223   0.00021      3.29      49.4         0
     10/99     5.99G      2.58     0.108         0      2.69        13       544         0         0    0.0194         0      2.37     0.354         0
     11/99     5.99G      3.55      0.15         0      3.71        14       480         0         0   0.00348         0      2.87     0.143         0
     12/99     5.99G      3.64     0.158         0       3.8        13       640         0         0    0.0188         0      3.14    0.0604         0
     13/99     5.99G      1.83     0.161         0      1.99        11       448         0         0  0.000117         0       2.9    0.0781         0
     14/99     5.99G      1.79     0.143         0      1.94        15       480         0         0     0.228         0       2.6    0.0619         0
