      0/99     1.44G      2.79      8.61         0      11.4         3       640         0         0    0.0143         0      3.15     0.352         0
      1/99     1.48G      2.39     0.255         0      2.64         6       352         1   0.00855     0.283    0.0169      3.62     0.198         0
      2/99     4.03G      2.17     0.158         0      2.32         3       352         0         0   0.00563         0      4.66     0.128         0
      3/99     2.03G      3.06     0.152         0      3.21         3       576         0         0    0.0185         0      3.98     0.185         0
      4/99     1.37G      2.71      0.16         0      2.87         3       512         0         0    0.0286         0      4.45      0.27         0
      5/99     1.34G      1.91     0.126         0      2.03         3       384         0         0      0.15         0      4.56     0.116         0
      6/99     4.51G      2.57     0.118         0      2.68         3       352         0         0  6.55e-05         0       3.9     0.413         0
      7/99     4.51G      1.99     0.123         0      2.12         3       576         0         0     0.163         0      3.71    0.0863         0
      8/99     1.33G      2.26    0.0932         0      2.35         3       416         1   0.00855     0.642    0.0169      3.08    0.0859         0
      9/99     1.56G      2.17    0.0927         0      2.26         2       448         1   0.00855       0.7    0.0169      3.01    0.0785         0
     10/99     1.37G      2.37    0.0861         0      2.45         1       480         1   0.00855     0.475    0.0169      3.11     0.077         0
     11/99     4.38G      2.25    0.0864         0      2.34         1       480     0.942     0.138     0.811      0.24      2.88    0.0713         0
     12/99     4.38G      1.23    0.0981         0      1.33         4       416         1    0.0113     0.857    0.0223      4.45    0.0653         0
     13/99     4.38G       1.6    0.0871         0      1.68         3       384     0.671   0.00855      0.72    0.0169      4.66    0.0628         0
     14/99     1.72G      2.95    0.0768         0      3.02         3       608         1    0.0176     0.802    0.0347      3.32    0.0683         0
     15/99     4.28G      1.99    0.0788         0      2.06         1       608         1   0.00855     0.791    0.0169      3.14    0.0671         0
     16/99     4.34G      1.72    0.0801         0       1.8         1       352         1    0.0186      0.84    0.0365      2.94    0.0663         0
     17/99     4.34G      1.56    0.0873         0      1.65         7       352         1    0.0239     0.844    0.0466      3.04    0.0624         0
     18/99     4.34G       1.9    0.0695         0      1.97         3       512         1     0.163     0.924     0.281      2.96    0.0568         0
     19/99     4.34G      1.74    0.0705         0      1.81         1       352         1    0.0241     0.731     0.047      3.09    0.0572         0
     20/99     1.36G      1.63    0.0714         0       1.7         2       320         1   0.00855     0.715    0.0169      3.08    0.0625         0
     21/99        4G      1.89    0.0666         0      1.96         3       416     0.965     0.237     0.882      0.38      2.91    0.0551         0
     22/99     4.23G      1.99    0.0587         0      2.05         4       640     0.861     0.179     0.831     0.297      2.99    0.0555         0
     23/99     4.23G      1.75    0.0653         0      1.81         4       576     0.892     0.141     0.753     0.244       3.1    0.0542         0
     24/99     4.23G      2.25    0.0579         0      2.31         6       384      0.96     0.412     0.897     0.577      2.85    0.0564         0
     25/99     4.23G      2.09    0.0614         0      2.15         2       576         1    0.0788     0.895     0.146       2.9    0.0612         0
     26/99     4.23G      1.96    0.0577         0      2.01         4       384         1     0.452     0.953     0.623      2.85    0.0533         0
     27/99     4.27G      1.47    0.0638         0      1.53         1       320     0.972     0.299     0.917     0.458      2.83    0.0537         0
     28/99     4.27G      1.42     0.061         0      1.48         2       608      0.97     0.278      0.94     0.433      2.86    0.0523         0
     29/99     4.27G      2.53    0.0606         0      2.59         3       608         1   0.00855      0.21    0.0169       3.4    0.0864         0
     30/99     4.28G      1.97    0.0652         0      2.03         2       352         1   0.00855     0.437    0.0169      3.11    0.0782         0
     31/99     4.28G      1.68    0.0787         0      1.76         3       416         1    0.0484      0.63    0.0923      3.11    0.0649         0
     32/99     4.28G      2.57    0.0593         0      2.63         3       512     0.905     0.164     0.783     0.277      2.95    0.0614         0
     33/99     4.28G      2.25    0.0641         0      2.31         1       320     0.874      0.65     0.826     0.745      2.91    0.0521         0
     34/99     4.28G      1.54    0.0654         0       1.6         4       576     0.934     0.538     0.852     0.683      2.92    0.0506         0
     35/99     1.73G      1.91    0.0611         0      1.97         2       544       0.9     0.463     0.856     0.611      2.92    0.0499         0
     36/99     3.56G      1.43    0.0625         0      1.49         3       576     0.918     0.577     0.856     0.709      2.93    0.0496         0
     37/99     4.32G      1.99    0.0596         0      2.05         3       640     0.965     0.325     0.868     0.486      2.91    0.0543         0
     38/99     4.36G      1.53    0.0654         0       1.6         3       320      0.95     0.323     0.838     0.482      2.97    0.0524         0
     39/99     4.36G      2.14    0.0583         0       2.2         3       608         1     0.256     0.847     0.407      2.99    0.0553         0
     40/99     4.38G      1.71     0.062         0      1.77         1       352     0.946     0.302     0.842     0.458       2.9    0.0559         0
     41/99     4.38G      1.76    0.0588         0      1.82         1       448     0.869     0.573     0.752      0.69      2.99    0.0539         0
     42/99     4.38G      1.87    0.0552         0      1.93         3       640         1    0.0186     0.835    0.0365      2.96    0.0648         0
     43/99     4.38G      1.84    0.0592         0       1.9         2       320      0.94     0.401     0.857     0.562      2.93    0.0555         0
     44/99     4.38G      1.79     0.061         0      1.85         3       480     0.981     0.434      0.87     0.602      2.87    0.0558         0
     45/99     4.38G      2.12     0.058         0      2.17         3       544     0.914     0.634     0.841     0.749      2.93    0.0524         0
     46/99     4.38G      2.32    0.0508         0      2.37         1       576     0.878     0.736     0.832     0.801      2.83    0.0496         0
     47/99     4.38G      1.46    0.0588         0      1.52         2       384     0.894      0.53     0.868     0.665      2.95    0.0487         0
     48/99     4.38G      1.13    0.0609         0      1.19         3       352     0.933     0.596      0.91     0.727       2.9    0.0496         0
     49/99     4.38G      1.44     0.059         0       1.5         1       384     0.931     0.573     0.848     0.709      2.89    0.0514         0
     50/99     4.38G      1.75    0.0511         0      1.81         0       384     0.919     0.773     0.874      0.84      2.83    0.0502         0
     51/99     4.38G      1.17    0.0585         0      1.22         4       448     0.929     0.449     0.867     0.606      2.93     0.053         0
     52/99     4.38G      1.41     0.055         0      1.47         3       448     0.927     0.756     0.872     0.833       2.9    0.0502         0
     53/99     4.38G       1.5     0.054         0      1.56         0       544     0.929      0.78     0.885     0.848      2.83    0.0503         0
     54/99     4.38G      1.36    0.0521         0      1.41         2       544     0.936     0.621     0.876     0.747      2.93    0.0513         0
     55/99     4.38G      1.48    0.0522         0      1.54         3       384     0.945     0.584     0.889     0.722       2.9    0.0515         0
     56/99     4.38G      2.17    0.0535         0      2.22         1       352      0.98     0.839     0.968     0.904      2.78    0.0498         0
     57/99     4.38G      1.24    0.0586         0       1.3         1       352     0.974     0.632     0.941     0.767      2.81    0.0508         0
     58/99     4.38G      1.53    0.0475         0      1.58         8       544     0.966     0.718     0.955     0.824      2.81    0.0502         0
     59/99     4.38G      1.91    0.0526         0      1.96         3       480     0.944     0.574     0.894     0.714      2.84    0.0524         0
     60/99     4.38G      1.31    0.0538         0      1.37         3       480     0.955     0.598     0.927     0.736      2.83    0.0528         0
     61/99     4.38G      1.62    0.0537         0      1.67         3       640      0.93     0.679      0.92     0.785      2.82    0.0512         0
     62/99     4.38G       1.4    0.0534         0      1.46         3       416     0.892     0.639     0.855     0.745      2.85    0.0507         0
     63/99     4.38G      1.67    0.0554         0      1.72         3       416     0.915     0.647     0.885     0.758      2.83    0.0516         0
     64/99     4.38G      1.59    0.0507         0      1.64         1       352     0.969     0.813     0.963     0.884      2.77    0.0498         0
     65/99     4.38G      2.36    0.0446         0       2.4         1       640     0.925     0.838       0.9     0.879      2.83    0.0485         0
     66/99     4.38G      2.24    0.0435         0      2.28         1       544     0.948     0.785     0.926     0.859      2.79    0.0486         0
     67/99     4.38G      2.44    0.0419         0      2.48         1       608      0.93     0.798     0.897     0.859      2.83    0.0476         0
     68/99     4.38G      1.33    0.0537         0      1.38         3       576     0.939     0.664     0.929     0.778      2.84    0.0505         0
     69/99     4.38G      1.56    0.0466         0       1.6         3       608     0.943     0.851     0.915     0.895      2.81    0.0464         0
     70/99     4.38G      1.44    0.0535         0       1.5         3       352     0.934     0.841       0.9     0.885      2.82    0.0469         0
     71/99     4.38G      1.09    0.0557         0      1.15         3       544     0.913     0.803     0.877     0.855      2.87    0.0475         0
     72/99     4.38G      1.59    0.0511         0      1.64         3       480     0.935      0.86     0.908     0.896      2.81    0.0477         0
     73/99     4.38G      2.12    0.0508         0      2.18         3       352     0.966     0.728     0.964      0.83      2.78    0.0506         0
     74/99     4.38G      1.78     0.052         0      1.83         2       416     0.942     0.697     0.913     0.801      2.82      0.05         0
     75/99     4.38G      1.73    0.0492         0      1.78         1       512     0.972     0.887     0.984     0.927      2.75    0.0482         0
     76/99     4.38G      2.16    0.0548         0      2.22         1       384     0.966     0.752     0.952     0.846      2.78     0.049         0
     77/99     4.38G      1.49    0.0464         0      1.53         3       352     0.963     0.898     0.958      0.93      2.78    0.0461         0
     78/99     4.38G      1.64    0.0496         0      1.69         1       320     0.989     0.949      0.99     0.969      2.75    0.0458         0
     79/99     4.38G      1.44    0.0524         0      1.49         0       480     0.971     0.857     0.966      0.91      2.79    0.0473         0
     80/99     4.38G      1.35    0.0531         0       1.4         3       544     0.991     0.902     0.991     0.944      2.77     0.047         0
     81/99     4.38G      1.94    0.0515         0      1.99         1       320     0.981     0.898     0.984     0.938      2.77    0.0474         0
     82/99     4.38G      1.85     0.049         0       1.9         3       352     0.991     0.936      0.99     0.963      2.76    0.0465         0
     83/99     4.38G      1.89     0.055         0      1.95         6       608     0.965     0.872     0.962     0.916      2.79    0.0472         0
     84/99     4.38G      1.98     0.047         0      2.03         1       480     0.982      0.95      0.98     0.966      2.73    0.0461         0
     85/99     4.38G      1.46    0.0491         0      1.51         0       608     0.961     0.846     0.957       0.9      2.78    0.0477         0
     86/99     4.38G      2.34    0.0458         0      2.39         1       640     0.964     0.915     0.963     0.939      2.75    0.0467         0
     87/99     4.38G      1.73    0.0463         0      1.77         1       640     0.973     0.913     0.969     0.942      2.75    0.0472         0
     88/99     4.38G       1.6    0.0487         0      1.65         6       544     0.944     0.866     0.935     0.903      2.79    0.0476         0
     89/99     4.38G      1.65     0.048         0      1.69         1       320     0.963     0.893     0.956     0.927      2.75    0.0476         0
     90/99     4.38G      1.56    0.0525         0      1.62         4       640     0.964     0.915     0.963     0.939      2.76    0.0467         0
     91/99     4.38G      2.11    0.0459         0      2.15         3       576     0.973     0.925     0.974     0.948      2.74    0.0466         0
     92/99     4.38G      1.67    0.0486         0      1.72         0       384     0.991     0.917      0.99     0.953      2.73    0.0476         0
     93/99     4.38G      1.47    0.0507         0      1.52         3       512     0.971     0.844     0.965     0.903      2.76    0.0486         0
     94/99     4.38G      1.27    0.0517         0      1.32         8       512     0.972       0.9     0.966     0.935      2.75    0.0473         0
     95/99     4.38G      1.79    0.0498         0      1.84         3       448     0.981     0.902     0.978      0.94      2.75    0.0471         0
     96/99     4.38G      1.09    0.0541         0      1.15         3       320      0.95     0.814     0.941     0.877      2.77    0.0487         0
     97/99     4.38G      1.08    0.0526         0      1.13         4       352     0.972     0.876     0.965     0.921      2.76    0.0478         0
     98/99     4.38G      1.58    0.0544         0      1.63         3       640     0.981     0.879     0.978     0.927      2.75    0.0475         0
     99/99     4.38G      1.48    0.0531         0      1.53         1       608     0.959     0.806     0.944     0.876      2.79     0.048         0
