      0/99      3.6G       2.9      9.73         0      12.6        25       544         0         0  1.69e-05         0      2.57     0.315         0
      1/99     3.34G      2.41     0.266         0      2.68        22       416         0         0    0.0257         0      2.31     0.262         0
      2/99     3.34G      2.24      0.23         0      2.47        25       416         1   0.00962     0.117     0.019      2.03     0.216         0
      3/99     3.34G      1.92      0.23         0      2.15        20       416         1   0.00962     0.367     0.019      1.72     0.192         0
      4/99     3.55G      1.65     0.156         0      1.81        24       384         1   0.00962     0.435     0.019      1.46     0.173         0
      5/99     3.55G      1.68      0.16         0      1.84        27       416         1   0.00962     0.243     0.019      1.92     0.141         0
      6/99     3.55G      1.53     0.172         0       1.7        29       640         1   0.00962     0.601     0.019      1.43     0.139         0
      7/99     3.55G      1.27     0.148         0      1.42        24       608         1   0.00962     0.534     0.019      1.41     0.129         0
      8/99     3.55G      1.22     0.101         0      1.33        25       352         1   0.00962     0.631     0.019      1.32     0.114         0
      9/99     3.55G      1.23    0.0919         0      1.32        24       352         1   0.00962     0.342     0.019      1.77    0.0969         0
     10/99     3.55G      1.42    0.0911         0      1.51        23       640         1   0.00962     0.633     0.019      1.33    0.0999         0
     11/99     3.55G      1.43     0.076         0       1.5        24       320         0         0     0.635         0      1.45    0.0983         0
     12/99     3.55G      1.34     0.108         0      1.45        25       608         1   0.00962     0.675     0.019      1.36     0.103         0
     13/99     3.55G      1.27    0.0854         0      1.35        25       352         1   0.00962     0.761     0.019      1.27     0.102         0
     14/99     3.55G      1.07    0.0665         0      1.14        23       384         0         0     0.579         0      1.51     0.084         0
     15/99     3.55G      1.32    0.0839         0      1.41        28       640     0.431   0.00962     0.648    0.0188      1.49    0.0799         0
     16/99     3.55G      1.27    0.0783         0      1.34        26       352     0.794    0.0372     0.633    0.0711      1.32    0.0844         0
     17/99     3.55G      1.22    0.0893         0      1.31        24       640     0.828    0.0929     0.657     0.167      1.37    0.0821         0
     18/99     3.55G      1.03     0.081         0      1.11        20       320     0.941     0.152     0.781     0.262      1.27    0.0822         0
     19/99     3.55G      1.11    0.0745         0      1.19        25       352         1     0.216     0.817     0.355      1.22    0.0793         0
     20/99     3.55G       1.2    0.0926         0      1.29        19       544         1     0.211     0.845     0.348      1.19     0.079         0
     21/99     3.55G      1.16      0.08         0      1.24        21       320     0.961     0.235     0.847     0.378      1.17    0.0789         0
     22/99     3.55G      1.18    0.0902         0      1.27        21       576     0.888     0.305     0.812     0.454      1.23    0.0749         0
     23/99     3.55G      1.06    0.0821         0      1.14        23       640     0.882     0.317     0.782     0.467      1.18    0.0763         0
     24/99     3.55G      1.08    0.0811         0      1.16        30       512     0.905     0.551     0.862     0.685      1.09     0.075         0
     25/99     3.55G      1.16    0.0809         0      1.24        24       480     0.923     0.587     0.888     0.717      1.16    0.0716         0
     26/99     3.55G      1.09    0.0883         0      1.18        25       576      0.94     0.471     0.857     0.628      1.17    0.0709         0
     27/99     3.55G     0.804    0.0564         0     0.861        17       320     0.949     0.538     0.918     0.687      1.19    0.0678         0
     28/99     3.55G      1.07    0.0811         0      1.15        26       544     0.881     0.567     0.811      0.69      1.22    0.0663         0
     29/99     3.55G       1.1     0.075         0      1.17        19       480     0.844      0.73     0.791     0.783      1.22    0.0648         0
     30/99     3.55G       1.1    0.0768         0      1.17        23       448     0.955     0.822     0.942     0.883      1.16    0.0644         0
     31/99     3.55G      1.02    0.0677         0      1.09        28       320     0.956     0.837     0.972     0.892      1.14    0.0635         0
     32/99     3.55G      1.11    0.0722         0      1.19        28       416     0.947     0.858     0.944       0.9      1.15    0.0624         0
     33/99     3.55G      1.08    0.0727         0      1.15        27       640     0.949     0.875     0.943     0.911      1.15    0.0622         0
     34/99     3.55G     0.952    0.0722         0      1.02        27       608     0.923     0.809      0.86     0.862       1.2    0.0626         0
     35/99     3.55G     0.854    0.0662         0     0.921        22       544     0.953      0.78     0.908     0.858      1.13    0.0636         0
     36/99     3.55G      1.04    0.0692         0      1.11        27       576     0.999     0.875     0.961     0.933      1.07    0.0638         0
     37/99     3.55G     0.866    0.0609         0     0.927        22       320     0.914     0.913     0.963     0.914      1.08    0.0625         0
     38/99     3.55G      1.05    0.0688         0      1.12        18       320     0.935     0.913     0.955     0.924      1.11    0.0611         0
     39/99     3.55G      1.08    0.0662         0      1.14        28       352     0.887     0.906     0.931     0.897       1.1    0.0608         0
     40/99     3.55G      1.02    0.0634         0      1.08        22       512     0.831     0.846     0.807     0.839      1.14    0.0608         0
     41/99     3.55G     0.781    0.0503         0     0.832        27       320     0.765      0.75     0.661     0.757      1.28    0.0592         0
     42/99     3.55G     0.986    0.0686         0      1.05        27       416     0.946     0.798     0.947     0.866      1.11    0.0616         0
     43/99     3.55G     0.983    0.0656         0      1.05        26       448         1     0.695     0.972      0.82      1.11    0.0643         0
     44/99     3.55G     0.968    0.0708         0      1.04        24       512     0.986     0.665     0.946     0.794      1.13    0.0645         0
     45/99     3.55G     0.918    0.0686         0     0.986        32       544     0.986     0.692     0.954     0.813      1.09    0.0643         0
