      0/99      5.8G      2.95      11.6         0      14.5         9       320         0         0     0.575         0      2.52     0.358         0
      1/99      6.1G      2.12     0.321         0      2.44        11       544         0         0     0.445         0      2.48     0.231         0
      2/99      6.1G       1.9     0.227         0      2.13         9       352         1   0.00962     0.159     0.019      3.41     0.208         0
      3/99      6.1G      2.45     0.187         0      2.64        15       352         1   0.00962     0.877     0.019      2.94     0.171         0
      4/99      6.1G      2.32     0.169         0      2.49        11       416         1   0.00962    0.0254     0.019      3.75     0.152         0
      5/99      6.1G      2.68     0.155         0      2.83        11       608         0         0  0.000544         0      4.94     0.646         0
      6/99      6.1G      3.34     0.161         0       3.5        12       352         0         0         0         0      7.61        99         0
      7/99      6.1G      2.92     0.169         0      3.08        16       352         1   0.00962     0.179     0.019      3.06     0.151         0
      8/99      6.1G      2.45      0.15         0       2.6        15       448         1   0.00962     0.352     0.019      2.07     0.176         0
      9/99      6.1G      2.14     0.143         0      2.28        12       608         0         0  0.000767         0      3.77      7.13         0
     10/99      6.1G      2.32     0.138         0      2.45        13       544         0         0      0.16         0      4.33    0.0894         0
     11/99      6.1G      2.39     0.128         0      2.52        12       480         1   0.00962     0.392     0.019      2.52      0.11         0
     12/99      6.1G      2.62     0.132         0      2.75        16       640         0         0     0.145         0      2.91     0.104         0
     13/99      6.1G      1.41      0.14         0      1.55        12       448     0.852     0.166     0.498     0.278      2.83    0.0965         0
     14/99      6.1G      1.46     0.121         0      1.58        10       480         1   0.00963     0.794    0.0191      2.11     0.106         0
     15/99      6.1G       1.4     0.123         0      1.52        12       416         1   0.00962      0.81     0.019      2.14     0.103         0
     16/99      6.1G      2.97     0.112         0      3.08        10       608     0.328   0.00631     0.836    0.0124      2.21    0.0968         0
     17/99      6.1G       2.1     0.115         0      2.22        12       640     0.606     0.119     0.564     0.198      2.46     0.082         0
     18/99      6.1G       2.1     0.109         0      2.21        10       512         1   0.00962      0.89     0.019      2.42    0.0881         0
