      0/99     1.65G      2.91      10.7         0      13.6         5       576         1   0.00962     0.223     0.019      3.48     0.379         0
      1/99      1.3G      2.45     0.288         0      2.74         4       416         1   0.00962     0.362     0.019      3.96     0.221         0
      2/99     1.36G      2.27     0.197         0      2.47         7       352     0.748    0.0385     0.482    0.0732      2.91     0.165         0
      3/99     4.06G      2.71     0.159         0      2.87         6       576   0.00321     0.231    0.0073   0.00633      3.26      2.75         0
      4/99     4.28G      3.35      0.13         0      3.48         8       576         0         0   0.00778         0      2.99     0.371         0
      5/99      1.7G      2.62     0.148         0      2.77         6       608         0         0     0.369         0      2.99     0.105         0
      6/99     1.55G      2.21     0.119         0      2.33         6       448         1   0.00962     0.678     0.019       2.7     0.102         0
      7/99     4.23G      1.68     0.136         0      1.81         7       608         0         0  9.35e-05         0      5.23    0.0448         0
      8/99      4.5G      2.34     0.107         0      2.45         6       352         0         0   0.00608         0      3.82      5.76         0
      9/99      4.5G      1.82    0.0984         0      1.92         6       352         1    0.0337     0.637    0.0652      2.86    0.0653         0
     10/99      4.5G      2.76    0.0928         0      2.86         4       576         1   0.00962    0.0448     0.019      4.96    0.0298         0
     11/99     1.29G      2.61     0.103         0      2.71         6       512         1   0.00962     0.737     0.019      2.06     0.107         0
     12/99     1.59G      1.96     0.114         0      2.07         4       640         0         0         0         0      7.13  0.000676         0
     13/99     4.55G      1.85     0.118         0      1.97         7       608         1   0.00962      0.54     0.019      3.47    0.0592         0
     14/99      1.4G      1.93     0.109         0      2.04         6       480         1     0.251     0.931     0.402      1.89     0.092         0
     15/99     2.71G      1.23     0.108         0      1.34         6       352         1    0.0423     0.915    0.0812      2.02    0.0838         0
     16/99      2.9G      1.21    0.0972         0       1.3         6       512     0.931      0.13     0.921     0.228      1.88    0.0865         0
     17/99     1.29G      1.18       0.1         0      1.28         6       320     0.939     0.149      0.92     0.257      2.37    0.0678         0
     18/99     4.44G      2.39    0.0899         0      2.48         6       640     0.982     0.539     0.956     0.696      2.08    0.0694         0
     19/99     4.45G      1.49    0.0982         0      1.59         3       416     0.835     0.194     0.839     0.315      1.94    0.0784         0
     20/99     4.48G       1.5    0.0938         0      1.59         4       352     0.961     0.238     0.939     0.381      1.64     0.086         0
     21/99     4.48G      1.29    0.0909         0      1.38         7       416     0.831     0.377      0.79     0.519      1.74    0.0775         0
     22/99     4.48G      1.34    0.0884         0      1.43         6       320         1    0.0613     0.929     0.115      1.87    0.0867         0
     23/99     4.48G      1.54    0.0931         0      1.63         6       608         1     0.116     0.963     0.208      1.69     0.085         0
     24/99     4.48G       1.2    0.0901         0      1.29         5       352         1     0.162     0.947     0.278      2.01    0.0755         0
     25/99     1.41G      1.49    0.0831         0      1.57         6       384     0.971     0.318     0.942     0.479      1.81      0.08         0
     26/99     4.17G      1.47    0.0789         0      1.55         4       608     0.968     0.292     0.902     0.449      1.67    0.0793         0
     27/99     4.17G      1.33    0.0784         0       1.4         6       480     0.969     0.301     0.929     0.459       1.9     0.072         0
     28/99     4.41G      1.71    0.0899         0       1.8         6       416     0.976     0.385     0.941     0.552      1.74    0.0737         0
     29/99     4.41G      1.38    0.0804         0      1.46         6       480     0.966     0.452     0.956     0.616      1.76    0.0714         0
     30/99     1.65G      1.62    0.0742         0       1.7         6       544     0.982     0.536     0.974     0.693      1.69    0.0721         0
     31/99     4.27G      1.64    0.0867         0      1.72         6       512     0.959     0.673     0.919     0.791       1.7     0.071         0
     32/99     4.27G      1.69    0.0724         0      1.76         7       480     0.942     0.933     0.929     0.937      1.65    0.0678         0
     33/99     4.27G      1.37    0.0815         0      1.45         9       576      0.98      0.94     0.964     0.959      1.68     0.067         0
     34/99     4.29G      1.22    0.0807         0       1.3         8       320     0.965       0.8     0.931     0.875      1.47    0.0734         0
     35/99     4.29G       1.2    0.0768         0      1.28         6       544      0.96     0.696     0.927     0.807       1.6    0.0732         0
     36/99     4.29G       1.4    0.0725         0      1.47         4       480     0.969     0.916     0.945     0.942      1.57    0.0743         0
     37/99     4.53G      1.42    0.0786         0       1.5         6       448     0.929      0.88     0.945     0.904       1.6    0.0768         0
     38/99     4.53G      1.44    0.0774         0      1.51         6       320     0.873    0.0662     0.193     0.123      4.22    0.0699         0
     39/99     4.53G      1.23    0.0743         0       1.3         6       416     0.939     0.739     0.924     0.827      1.65    0.0828         0
     40/99     4.53G      1.55    0.0802         0      1.63         6       640     0.969     0.605     0.908     0.745      1.53    0.0849         0
     41/99     4.53G      1.48    0.0807         0      1.57        10       608     0.842      0.51     0.851     0.635      1.67    0.0753         0
     42/99     4.53G      1.34    0.0834         0      1.42         5       352     0.947     0.683     0.908     0.794      1.63    0.0729         0
     43/99     4.53G      1.23    0.0725         0      1.31         7       544     0.953     0.782     0.917     0.859      1.56    0.0696         0
     44/99     4.53G      1.27    0.0782         0      1.35         4       544     0.939     0.745     0.895     0.831      1.93    0.0673         0
     45/99     4.53G      1.14    0.0695         0      1.21         4       512     0.954       0.4     0.915     0.564      2.02     0.079         0
     46/99     4.53G      1.41    0.0727         0      1.48         2       384     0.966     0.818     0.928     0.886      1.58    0.0701         0
     47/99     4.53G       1.3    0.0763         0      1.37        11       480     0.943     0.904     0.926     0.923      2.47    0.0557         0
     48/99     4.53G      1.18    0.0706         0      1.25         7       640     0.939      0.74     0.912     0.827       1.9    0.0634         0
     49/99     4.54G      1.29    0.0723         0      1.36         6       352     0.966     0.813     0.939     0.883      1.59    0.0658         0
     50/99     4.54G      1.37    0.0807         0      1.45        14       448     0.957     0.854      0.93     0.903      1.56    0.0664         0
     51/99     4.54G      1.35    0.0733         0      1.42         6       640      0.95     0.922     0.943     0.936       1.6    0.0645         0
     52/99     4.54G      1.14    0.0743         0      1.21         6       448     0.958     0.942     0.938      0.95      1.65    0.0613         0
     53/99     4.54G      1.37    0.0708         0      1.45         6       640     0.961     0.947     0.931     0.954      1.53    0.0641         0
     54/99     4.54G      1.18     0.071         0      1.25         7       320     0.988     0.913     0.966     0.949       1.6    0.0642         0
     55/99     4.54G       1.2    0.0712         0      1.27         5       448      0.96     0.934      0.93     0.947      1.65    0.0628         0
     56/99     4.54G       1.3     0.066         0      1.36         6       320     0.961     0.938      0.93     0.949      1.58    0.0643         0
     57/99     4.54G      1.43    0.0734         0      1.51         7       544     0.965     0.962      0.95     0.963      1.51    0.0629         0
     58/99     4.54G      1.32    0.0684         0      1.39         6       384     0.958     0.952     0.932     0.955      1.49     0.062         0
     59/99     4.54G       1.1    0.0657         0      1.17         6       320      0.98     0.971     0.967     0.976      1.51    0.0612         0
     60/99     4.54G      1.03    0.0651         0       1.1         6       480     0.981      0.97     0.967     0.975      1.52    0.0634         0
     61/99     4.54G      1.12    0.0695         0      1.19         6       320      0.98     0.931      0.95     0.955      1.54    0.0627         0
     62/99     4.54G      1.14    0.0696         0      1.21         7       608     0.961     0.904     0.931     0.932       1.5    0.0633         0
     63/99     4.54G       1.1    0.0644         0      1.17        10       448     0.961     0.943     0.932     0.952       1.5    0.0631         0
     64/99     4.54G      1.08    0.0682         0      1.14         6       448      0.97     0.939      0.95     0.954      1.61    0.0618         0
     65/99     4.54G      1.12    0.0655         0      1.19         6       512      0.96     0.927     0.932     0.943      1.57     0.062         0
     66/99     4.54G      1.01    0.0605         0      1.07         6       352     0.979     0.942     0.949      0.96      1.53    0.0643         0
     67/99     4.54G      1.13    0.0649         0      1.19         7       480     0.961     0.937     0.931     0.949      1.54    0.0623         0
     68/99     4.54G       1.1    0.0642         0      1.16         6       512      0.99     0.957     0.967     0.973      1.59    0.0622         0
     69/99     4.54G      1.15     0.069         0      1.22         6       384     0.963     0.942     0.929     0.953      1.53    0.0638         0
     70/99     4.54G       1.4     0.081         0      1.49         6       640     0.961     0.937     0.929     0.949       1.5    0.0624         0
     71/99     4.54G     0.979    0.0631         0      1.04         7       416      0.98     0.928     0.956     0.953      1.59    0.0607         0
     72/99     4.54G      1.09     0.067         0      1.16         6       512     0.979     0.942     0.947      0.96      1.66    0.0586         0
     73/99     4.54G      1.22    0.0619         0      1.28         6       608     0.961     0.939     0.934      0.95      1.49    0.0601         0
     74/99     4.54G      1.23    0.0677         0       1.3         6       480     0.969     0.913     0.947      0.94      1.49    0.0624         0
     75/99     4.54G      1.08    0.0624         0      1.14         6       512      0.97     0.919     0.948     0.944      1.53    0.0626         0
     76/99     4.54G         1    0.0649         0      1.07         8       320     0.979     0.902     0.947     0.939      1.56    0.0631         0
     77/99     4.54G      1.23    0.0674         0       1.3         4       352     0.971     0.952     0.948     0.961      1.52     0.062         0
     78/99     4.54G      1.16    0.0661         0      1.22         9       640     0.971     0.949     0.948      0.96      1.51    0.0624         0
     79/99     4.54G      1.17    0.0686         0      1.23         6       352     0.971     0.954     0.948     0.962      1.48    0.0619         0
     80/99     4.54G       1.1    0.0629         0      1.16         7       576      0.97     0.962     0.948     0.966      1.47    0.0616         0
     81/99     4.54G      1.15    0.0661         0      1.22         5       384     0.971     0.957     0.949     0.964      1.45    0.0614         0
     82/99     4.54G      1.38    0.0721         0      1.45         8       512     0.969     0.962     0.949     0.965      1.43    0.0616         0
     83/99     4.54G      1.27     0.063         0      1.34         6       544      0.98     0.971     0.967     0.976      1.42    0.0607         0
     84/99     4.54G      1.22      0.07         0      1.29         7       608     0.971     0.962     0.949     0.966      1.43    0.0603         0
     85/99     4.54G      1.05     0.063         0      1.12         7       480      0.98     0.962     0.967     0.971      1.46    0.0599         0
     86/99     4.54G       1.1     0.071         0      1.17         6       608     0.971     0.959     0.949     0.965       1.5    0.0594         0
     87/99     4.54G      1.16    0.0643         0      1.22         4       544     0.971      0.96     0.949     0.965      1.49    0.0596         0
     88/99     4.54G      1.05    0.0622         0      1.11         4       352      0.98      0.96     0.967      0.97      1.47    0.0601         0
     89/99     4.54G     0.949    0.0627         0      1.01         6       320      0.98     0.955     0.967     0.968      1.47    0.0601         0
     90/99     4.54G      1.09    0.0664         0      1.16         4       640      0.97     0.939     0.948     0.954      1.45    0.0607         0
     91/99     4.54G      1.19    0.0666         0      1.26         7       576     0.971     0.958     0.948     0.964      1.45    0.0599         0
     92/99     4.54G      1.19    0.0701         0      1.26         9       640     0.971     0.956     0.948     0.963      1.45    0.0598         0
     93/99     4.54G      1.16    0.0663         0      1.23         4       416      0.98     0.962     0.966     0.971      1.45    0.0601         0
     94/99     4.54G      1.18    0.0681         0      1.24         6       512     0.971     0.959     0.947     0.965      1.45      0.06         0
     95/99     4.54G      1.17    0.0654         0      1.23         6       640     0.971     0.958     0.948     0.964      1.47    0.0597         0
     96/99     4.54G      1.17    0.0668         0      1.23         6       608     0.971     0.962     0.948     0.966      1.48    0.0596         0
     97/99     4.54G      1.05    0.0629         0      1.12         3       448     0.971     0.956     0.948     0.963      1.48    0.0593         0
     98/99     4.54G      1.11    0.0653         0      1.17         4       320     0.971     0.958     0.948     0.964      1.49    0.0593         0
     99/99     4.54G      1.09    0.0704         0      1.16         6       448     0.971     0.949     0.948      0.96      1.51    0.0592         0
